0.0010464
0.0010464
0.0010336
0.0010464
0.0010336
0.0010464
0.0010336
0.0010464
0.0010336
0.0010464
0.0010336
0.0010336
0.0010464
0.0010464
0.0010336
0.0010464
0.0010336
0.0010464
0.0010336
0.0010464
0.0010336
0.0010464
0.0010336
0.0010336
0.0010464
0.0010464
0.0010336
0.0010464
0.0010336
0.0010464
0.0010336
0.0010464
0.0010336
0.0010464
0.0010336
0.0010336
0.0010464
0.0010464
0.0010336
0.0010464
0.0010336
0.0010464
0.0010336
0.0010464
0.0010336
0.0010464
0.0010336
0.0010336
0.0010464
0.0010464
0.0010336
0.0010464
0.0010336
0.0010464
0.0010336
0.0010464
0.0010336
0.0010464
0.0010336
0.0010336
